image_width: 1920
image_height: 1080
camera_name: camera
camera_matrix:
  rows: 3
  cols: 3
  data: [1493.14091296701,0,958.101862711436,0,1495.91048569745,545.096802097356,0,0,1]
distortion_model: plumb_bob
distortion_coefficients:
  rows: 1
  cols: 4
  data: [0.059856626542667,-0.109866363934960, 0, 0]
rectification_matrix:
  rows: 3
  cols: 3
  data: [1, 0, 0, 0, 1, 0, 0, 0, 1]
projection_matrix:
  rows: 3
  cols: 4
  data: [1493.14091296701, 0, 958.101862711436, 0, 0, 1495.91048569745, 545.096802097356, 0, 0, 0, 1, 0]
